[gd_scene load_steps=4 format=2]

[ext_resource path="res://main.gd" type="Script" id=1]
[ext_resource path="res://world-id-dummy.gd" type="Script" id=2]

[sub_resource type="SpatialMaterial" id=1]
albedo_color = Color( 0.113725, 0.741176, 0.141176, 1 )

[node name="main" type="Node2D"]
script = ExtResource( 1 )

[node name="DirectionalLight" type="DirectionalLight" parent="."]
transform = Transform( 0.884133, 0.366326, 0.290024, -0.467236, 0.693186, 0.548802, 0, -0.620724, 0.784029, 0, 2.29228, 3.51784 )

[node name="Camera" type="Camera" parent="."]
transform = Transform( 0.136632, 0, 0.990622, 0, 1, 0, -0.990622, 0, 0.136632, 6.30921, 1.39879, 2.66072 )

[node name="world-objects" type="Spatial" parent="."]

[node name="world-id-dummy" type="CSGBox" parent="world-objects"]
transform = Transform( 0.582417, 0.289418, -0.759623, -0.44501, 0.895525, 0, 0.680262, 0.33804, 0.650363, 0, 2.07124, -2.40814 )
material_override = SubResource( 1 )
script = ExtResource( 2 )
